107107107
115115115
123123123
131131131
158158158
166166166
174174174
182182182
190190190
203203203
211211211
238238238
246246246
254254254
262262262
270270270
289289289
297297297
318318318
326326326
334334334
342342342
350350350
369369369
377377377
385385385
393393393
406406406
414414414
422422422
430430430
449449449
457457457
465465465
473473473
481481481
502502502
510510510
529529529
537537537
545545545
553553553
561561561
588588588
596596596
609609609
617617617
625625625
633633633
641641641
668668668
676676676
684684684
692692692
705705705
713713713
721721721
748748748
756756756
764764764
772772772
780780780
799799799
801801801
828828828
836836836
844844844
852852852
860860860
879879879
887887887
895895895
908908908
916916916
924924924
932932932
940940940
959959959
967967967
975975975
983983983
991991991
104105106
112113114
120121122
147148149
155156157
163164165
171172173
200201202
227228229
235236237
243244245
251252253
286287288
294295296
307308309
315316317
323324325
331332333
366367368
374375376
382383384
390391392
403404405
411412413
446447448
454455456
462463464
470471472
497498499
526527528
534535536
542543544
550551552
577578579
585586587
593594595
606607608
614615616
622623624
630631632
657658659
665666667
673674675
681682683
702703704
710711712
737738739
745746747
753754755
761762763
796797798
817818819
825826827
833834835
841842843
876877878
884885886
892893894
905906907
913914915
921922923
956957958
964965966
972973974
980981982
