Dobré:
    55001
    121312
**  191919
    321322
**  369369
    717271
    10401
*** 11711
    14015
    14488
    16061
    16336
*   16969
    17777
    18833
*   19019
*   33144
*   35035
    35553
*   38383
    42024
    43334
    44441
    44644
    47474
*   55044
    55554
    57007
    57576
    58085
    64645
    64848
*   65066
*   65656
    66077
*   66966
*** 77577
    78078
    82288
*   88188
    88698
    90106
    90202
    93366
    93534
    94545
    95900
*** 99100
    99880
*   99899
